PASOS PRECIO
0.0 1007.3349999999998
5.0 1003.4999999999998
10.0 1003.1049999999998
15.0 1003.1699999999998
20.0 995.6699999999998
25.0 996.2199999999998
30.0 995.7899999999997
35.0 996.2449999999997
40.0 997.7249999999997
45.0 990.6349999999996
50.0 989.1599999999996
55.0 993.6749999999997
60.0 989.5899999999999
65.0 987.7399999999999
70.0 986.92
75.0 988.9200000000001
80.0 989.1300000000001
85.0 988.3800000000001
90.0 986.24
95.0 986.2600000000001
100.0 987.7500000000001
105.0 987.6350000000004
110.0 987.1800000000004
115.0 979.8700000000003
120.0 980.9100000000004
125.0 980.1250000000005
130.0 978.4800000000005
135.0 972.4700000000006
140.0 973.6100000000007
145.0 974.7600000000006
150.0 973.4200000000005
155.0 970.5500000000006
160.0 967.7150000000006
165.0 964.1350000000006
170.0 967.7950000000004
175.0 967.7950000000004
180.0 970.8400000000004
185.0 971.0150000000003
190.0 972.6500000000003
195.0 976.4600000000003
200.0 968.7950000000004
205.0 966.5150000000004
210.0 963.1300000000003
215.0 963.1700000000003
220.0 963.9350000000003
225.0 963.7400000000002
230.0 962.1950000000003
235.0 961.8700000000003
240.0 955.3850000000004
245.0 953.2750000000004
250.0 953.0250000000004
255.0 950.8750000000005
260.0 949.5100000000004
265.0 948.9300000000004
270.0 948.8350000000004
275.0 950.9050000000004
280.0 950.2550000000005
285.0 948.2700000000004
290.0 948.2750000000004
295.0 947.3350000000004
300.0 947.3350000000004
305.0 947.6000000000004
310.0 947.4450000000004
315.0 947.0700000000004
320.0 946.6900000000004
325.0 946.6900000000004
330.0 946.4900000000005
335.0 941.1900000000004
340.0 941.3150000000004
345.0 941.1850000000004
350.0 941.1850000000004
355.0 941.0600000000004
360.0 940.5700000000004
365.0 940.2350000000004
370.0 940.2350000000004
375.0 940.1400000000004
380.0 939.2000000000004
385.0 939.2000000000004
390.0 938.9600000000004
395.0 938.9600000000004
400.0 938.3300000000004
405.0 936.6200000000006
410.0 935.7950000000006
415.0 933.7550000000007
420.0 933.7550000000007
425.0 932.5800000000006
430.0 930.8300000000006
435.0 930.8300000000006
440.0 929.4800000000006
445.0 929.4800000000006
450.0 929.4800000000006
455.0 929.4800000000006
460.0 929.4800000000006
465.0 929.4800000000006
470.0 929.4800000000006
475.0 929.4800000000006
480.0 929.4650000000006
485.0 929.4650000000006
490.0 929.4650000000006
495.0 929.3400000000006
500.0 929.3400000000006
505.0 929.3100000000005
510.0 929.3100000000005
515.0 929.3100000000005
520.0 929.3100000000005
525.0 929.3100000000005
530.0 929.3100000000005
535.0 929.3300000000005
540.0 929.2700000000004
545.0 929.2700000000004
550.0 929.2700000000004
555.0 929.3450000000005
560.0 929.3450000000005
565.0 928.9750000000005
570.0 928.7100000000005
575.0 928.7100000000005
580.0 928.6300000000006
585.0 928.6300000000006
590.0 928.6300000000006
595.0 928.6300000000006
600.0 928.3600000000006
605.0 928.3600000000006
610.0 928.3600000000006
615.0 928.3600000000006
620.0 928.3600000000006
625.0 928.3600000000006
630.0 928.3600000000006
635.0 928.3600000000006
640.0 928.3600000000006
645.0 928.2050000000006
650.0 928.2050000000006
655.0 928.2050000000006
660.0 928.2050000000006
665.0 928.2050000000006
670.0 927.9050000000007
675.0 927.9050000000007
680.0 927.9050000000007
685.0 927.9050000000007
690.0 927.9050000000007
695.0 927.9050000000007
700.0 927.9050000000007
705.0 927.9050000000007
710.0 927.9050000000007
715.0 927.9050000000007
720.0 927.9050000000007
725.0 927.9050000000007
730.0 927.9050000000007
735.0 927.9050000000007
740.0 927.9050000000007
745.0 927.9050000000007
750.0 927.9050000000007
755.0 927.9050000000007
760.0 927.9050000000007
765.0 927.9050000000007
770.0 927.9050000000007
775.0 927.9050000000007
780.0 927.9050000000007
785.0 927.9050000000007
790.0 927.9050000000007
795.0 927.9050000000007
800.0 927.9050000000007
805.0 927.9050000000007
810.0 927.9050000000007
815.0 927.8100000000006
820.0 927.8100000000006
825.0 927.8100000000006
830.0 927.8100000000006
835.0 927.8100000000006
840.0 927.8100000000006
845.0 927.8100000000006
850.0 927.8100000000006
855.0 927.8100000000006
860.0 927.8100000000006
865.0 927.8100000000006
870.0 927.8100000000006
875.0 927.8100000000006
880.0 927.8100000000006
885.0 927.8100000000006
890.0 927.8100000000006
895.0 927.8100000000006
900.0 927.8100000000006
905.0 927.8100000000006
910.0 927.8100000000006
915.0 927.8100000000006
920.0 927.8100000000006
925.0 927.8100000000006
930.0 927.8100000000006
935.0 927.8100000000006
940.0 927.8100000000006
945.0 927.8050000000006
950.0 927.8050000000006
955.0 927.8050000000006
960.0 927.8050000000006
965.0 927.8050000000006
970.0 927.8050000000006
975.0 927.8050000000006
980.0 927.8050000000006
985.0 927.8050000000006
990.0 927.8050000000006
995.0 927.8050000000006
1000.0 927.7650000000007
1005.0 927.7650000000007
1010.0 927.7650000000007
1015.0 927.7650000000007
1020.0 927.7650000000007
1025.0 927.7650000000007
1030.0 927.7650000000007
1035.0 927.7650000000007
1040.0 927.7650000000007
1045.0 927.7650000000007
1050.0 927.7650000000007
1055.0 927.7650000000007
1060.0 927.7650000000007
1065.0 927.7650000000007
1070.0 927.7650000000007
1075.0 927.7650000000007
1080.0 927.7650000000007
1085.0 927.7650000000007
1090.0 926.8400000000006
1095.0 926.8400000000006
1100.0 926.8400000000006
1105.0 926.8400000000006
1110.0 926.8400000000006
1115.0 926.8400000000006
1120.0 926.8400000000006
1125.0 926.8400000000006
1130.0 926.8400000000006
1135.0 926.8400000000006
1140.0 926.8400000000006
1145.0 926.8400000000006
1150.0 926.8400000000006
1155.0 926.8400000000006
1160.0 926.8400000000006
1165.0 926.8400000000006
1170.0 926.8400000000006
1175.0 926.8400000000006
1180.0 926.8400000000006
1185.0 926.8400000000006
1190.0 926.8400000000006
1195.0 926.7200000000006
1200.0 926.7200000000006
1205.0 926.7200000000006
1210.0 926.7200000000006
1215.0 926.7200000000006
1220.0 926.7200000000006
1225.0 926.3200000000006
1230.0 926.3200000000006
1235.0 926.3200000000006
1240.0 926.3200000000006
1245.0 926.3200000000006
1250.0 926.3200000000006
1255.0 926.3200000000006
1260.0 926.3200000000006
1265.0 924.1750000000006
1270.0 924.1750000000006
1275.0 924.1750000000006
1280.0 924.1750000000006
1285.0 923.7000000000006
1290.0 923.7000000000006
1295.0 923.7000000000006
1300.0 923.4300000000006
1305.0 923.4300000000006
1310.0 923.4300000000006
1315.0 923.4300000000006
1320.0 923.4300000000006
1325.0 923.4300000000006
1330.0 923.4300000000006
1335.0 923.4300000000006
1340.0 923.4300000000006
1345.0 923.2350000000007
1350.0 923.2350000000007
1355.0 923.2350000000007
1360.0 923.2350000000007
1365.0 923.2350000000007
1370.0 923.2350000000007
1375.0 923.2350000000007
1380.0 923.2350000000007
1385.0 923.2350000000007
1390.0 923.2350000000007
1395.0 923.2350000000007
1400.0 923.2350000000007
1405.0 923.2350000000007
1410.0 923.2350000000007
1415.0 923.1450000000007
1420.0 923.1450000000007
1425.0 923.1450000000007
1430.0 923.1450000000007
1435.0 923.1450000000007
1440.0 923.1450000000007
1445.0 923.1450000000007
1450.0 923.1450000000007
1455.0 923.1450000000007
1460.0 923.1450000000007
1465.0 923.1450000000007
1470.0 923.1450000000007
1475.0 923.1450000000007
1480.0 923.1450000000007
1485.0 923.1450000000007
1490.0 923.1450000000007
1495.0 923.1450000000007
1500.0 923.1450000000007
1505.0 923.1450000000007
1510.0 923.1450000000007
1515.0 923.1450000000007
1520.0 923.1450000000007
1525.0 923.1450000000007
1530.0 923.1450000000007
1535.0 923.1450000000007
1540.0 923.1450000000007
1545.0 923.1450000000007
1550.0 923.1450000000007
1555.0 923.1450000000007
1560.0 923.1450000000007
1565.0 923.1450000000007
1570.0 923.1450000000007
1575.0 923.1450000000007
1580.0 923.1450000000007
1585.0 923.1450000000007
1590.0 923.1450000000007
1595.0 923.1450000000007
1600.0 923.1450000000007
1605.0 923.1450000000007
1610.0 923.1450000000007
1615.0 923.1450000000007
1620.0 923.1450000000007
1625.0 923.1450000000007
1630.0 923.1450000000007
1635.0 923.1450000000007
1640.0 923.1450000000007
1645.0 923.1450000000007
1650.0 923.1450000000007
1655.0 923.1450000000007
1660.0 923.1450000000007
1665.0 923.1450000000007
1670.0 923.1450000000007
1675.0 923.1450000000007
1680.0 923.1450000000007
1685.0 923.1450000000007
1690.0 923.1450000000007
1695.0 923.1450000000007
1700.0 923.1450000000007
1705.0 923.1450000000007
1710.0 923.1450000000007
1715.0 923.1450000000007
1720.0 923.1450000000007
1725.0 923.1450000000007
1730.0 923.1450000000007
1735.0 923.1450000000007
1740.0 923.1450000000007
1745.0 923.1450000000007
1750.0 923.1450000000007
1755.0 923.1450000000007
1760.0 923.1450000000007
1765.0 923.1450000000007
1770.0 923.1450000000007
1775.0 923.1450000000007
1780.0 923.1450000000007
1785.0 923.1450000000007
1790.0 923.1450000000007
1795.0 923.1450000000007
1800.0 923.1450000000007
1805.0 923.1450000000007
1810.0 923.1450000000007
1815.0 923.1450000000007
1820.0 923.1450000000007
1825.0 923.1450000000007
1830.0 923.1450000000007
1835.0 923.1450000000007
1840.0 923.1450000000007
1845.0 923.1450000000007
1850.0 923.1450000000007
1855.0 923.1450000000007
1860.0 923.1450000000007
1865.0 923.1450000000007
1870.0 923.1450000000007
1875.0 923.1450000000007
1880.0 923.1450000000007
1885.0 923.1450000000007
1890.0 923.1450000000007
1895.0 923.1450000000007
1900.0 923.1450000000007
1905.0 923.1450000000007
1910.0 923.1450000000007
1915.0 923.1450000000007
1920.0 923.1450000000007
1925.0 923.1450000000007
1930.0 923.1450000000007
1935.0 923.1450000000007
1940.0 923.1450000000007
1945.0 923.1450000000007
1950.0 923.1450000000007
1955.0 923.1450000000007
1960.0 923.1450000000007
1965.0 923.1450000000007
1970.0 923.1450000000007
1975.0 923.1450000000007
1980.0 923.1450000000007
1985.0 923.1450000000007
1990.0 923.1450000000007
1995.0 923.1450000000007
2000.0 923.1450000000007
2005.0 923.1450000000007
2010.0 923.1450000000007
2015.0 923.1450000000007
2020.0 923.1450000000007
2025.0 923.1450000000007
2030.0 923.1450000000007
2035.0 923.1450000000007
2040.0 923.1450000000007
2045.0 923.1450000000007
2050.0 923.1450000000007
2055.0 923.1450000000007
2060.0 923.1450000000007
2065.0 923.1450000000007
2070.0 923.1450000000007
2075.0 923.1450000000007
2080.0 923.1450000000007
2085.0 923.1450000000007
2090.0 923.1450000000007
2095.0 923.1450000000007
2100.0 923.1450000000007
2105.0 923.1450000000007
2110.0 923.1450000000007
2115.0 923.1450000000007
2120.0 923.1450000000007
2125.0 923.1450000000007
2130.0 923.1450000000007
2135.0 923.1450000000007
2140.0 923.1450000000007
2145.0 923.1450000000007
2150.0 923.1450000000007
2155.0 923.1450000000007
2160.0 923.1450000000007
2165.0 923.1450000000007
2170.0 923.1450000000007
2175.0 923.1450000000007
2180.0 923.1450000000007
2185.0 923.1450000000007
2190.0 923.1450000000007
2195.0 923.1450000000007
2200.0 923.1450000000007
2205.0 923.1450000000007
2210.0 923.1450000000007
2215.0 923.1450000000007
2220.0 923.1450000000007
2225.0 923.1450000000007
2230.0 923.1450000000007
2235.0 923.1450000000007
2240.0 923.1450000000007
2245.0 923.1450000000007
2250.0 923.1450000000007
2255.0 923.1450000000007
2260.0 923.1450000000007
2265.0 923.1450000000007
2270.0 923.1450000000007
2275.0 923.1450000000007
2280.0 923.1450000000007
2285.0 923.1450000000007
2290.0 923.1450000000007
2295.0 923.1450000000007
2300.0 923.1450000000007
2305.0 923.0850000000006
2310.0 923.0850000000006
2315.0 923.0850000000006
2320.0 923.0850000000006
2325.0 923.0850000000006
2330.0 923.0850000000006
2335.0 923.0850000000006
2340.0 923.0850000000006
2345.0 923.0850000000006
2350.0 923.0850000000006
2355.0 923.0850000000006
2360.0 923.0850000000006
2365.0 923.0850000000006
2370.0 923.0850000000006
2375.0 923.0850000000006
2380.0 923.0850000000006
2385.0 923.0850000000006
2390.0 923.0850000000006
2395.0 923.0850000000006
2400.0 923.0850000000006
2405.0 923.0850000000006
2410.0 923.0850000000006
2415.0 923.0850000000006
2420.0 923.0850000000006
2425.0 923.0850000000006
2430.0 923.0850000000006
2435.0 923.0850000000006
2440.0 923.0850000000006
2445.0 923.0850000000006
2450.0 923.0850000000006
2455.0 923.0850000000006
2460.0 923.0850000000006
2465.0 923.0850000000006
2470.0 923.0850000000006
2475.0 923.0850000000006
2480.0 923.0850000000006
2485.0 923.0850000000006
2490.0 923.0850000000006
2495.0 923.0850000000006
2500.0 923.0850000000006
2505.0 923.0850000000006
2510.0 923.0850000000006
2515.0 923.0850000000006
2520.0 923.0850000000006
2525.0 923.0850000000006
2530.0 923.0850000000006
2535.0 923.0850000000006
2540.0 923.0850000000006
2545.0 923.0850000000006
2550.0 923.0850000000006
2555.0 923.0850000000006
2560.0 923.0850000000006
2565.0 923.0850000000006
2570.0 923.0850000000006
2575.0 923.0850000000006
2580.0 923.0850000000006
2585.0 923.0850000000006
2590.0 923.0850000000006
2595.0 923.0850000000006
2600.0 923.0850000000006
2605.0 923.0850000000006
2610.0 923.0850000000006
2615.0 923.0850000000006
2620.0 923.0850000000006
2625.0 923.0850000000006
2630.0 923.0850000000006
2635.0 923.0850000000006
2640.0 923.0850000000006
2645.0 923.0850000000006
2650.0 923.0850000000006
2655.0 923.0850000000006
2660.0 923.0850000000006
2665.0 923.0850000000006
2670.0 923.0850000000006
2675.0 923.0850000000006
2680.0 923.0850000000006
2685.0 923.0850000000006
2690.0 923.0850000000006
2695.0 923.0850000000006
2700.0 923.0850000000006
2705.0 923.0850000000006
2710.0 923.0850000000006
2715.0 923.0850000000006
2720.0 923.0850000000006
2725.0 923.0850000000006
2730.0 923.0850000000006
2735.0 923.0850000000006
2740.0 923.0850000000006
2745.0 923.0850000000006
2750.0 923.0850000000006
2755.0 923.0850000000006
2760.0 923.0850000000006
2765.0 923.0850000000006
2770.0 923.0850000000006
2775.0 923.0850000000006
2780.0 923.0850000000006
2785.0 923.0850000000006
2790.0 923.0850000000006
2795.0 923.0850000000006
2800.0 923.0850000000006
2805.0 923.0850000000006
2810.0 923.0850000000006
2815.0 923.0850000000006
2820.0 923.0850000000006
2825.0 923.0850000000006
2830.0 923.0850000000006
2835.0 923.0850000000006
2840.0 923.0850000000006
2845.0 923.0850000000006
2850.0 923.0850000000006
2855.0 923.0850000000006
2860.0 923.0850000000006
2865.0 923.0850000000006
2870.0 923.0850000000006
2875.0 923.0850000000006
2880.0 923.0850000000006
2885.0 923.0850000000006
2890.0 923.0850000000006
2895.0 923.0850000000006
2900.0 923.0850000000006
2905.0 923.0850000000006
2910.0 923.0850000000006
2915.0 923.0850000000006
2920.0 923.0850000000006
2925.0 923.0850000000006
2930.0 923.0850000000006
2935.0 923.0850000000006
2940.0 923.0850000000006
2945.0 923.0850000000006
2950.0 923.0850000000006
2955.0 923.0850000000006
2960.0 923.0850000000006
2965.0 923.0850000000006
2970.0 923.0850000000006
2975.0 923.0850000000006
2980.0 923.0850000000006
2985.0 923.0850000000006
2990.0 923.0850000000006
2995.0 923.0850000000006
3000.0 923.0850000000006
3005.0 923.0850000000006
3010.0 923.0850000000006
3015.0 923.0850000000006
3020.0 923.0850000000006
3025.0 923.0850000000006
3030.0 923.0850000000006
3035.0 923.0850000000006
3040.0 923.0850000000006
3045.0 923.0850000000006
3050.0 923.0850000000006
3055.0 923.0850000000006
3060.0 923.0850000000006
3065.0 923.0850000000006
3070.0 923.0850000000006
3075.0 923.0850000000006
3080.0 923.0850000000006
3085.0 923.0850000000006
3090.0 923.0850000000006
3095.0 923.0850000000006
3100.0 923.0850000000006
3105.0 923.0850000000006
3110.0 923.0850000000006
3115.0 923.0850000000006
3120.0 923.0850000000006
3125.0 923.0850000000006
3130.0 923.0850000000006
3135.0 923.0850000000006
3140.0 923.0850000000006
3145.0 923.0850000000006
3150.0 923.0850000000006
3155.0 923.0850000000006
3160.0 923.0850000000006
3165.0 923.0850000000006
3170.0 923.0850000000006
3175.0 923.0850000000006
3180.0 923.0850000000006
3185.0 923.0850000000006
3190.0 923.0850000000006
3195.0 923.0850000000006
3200.0 923.0850000000006
3205.0 923.0850000000006
3210.0 923.0850000000006
3215.0 923.0850000000006
3220.0 923.0850000000006
3225.0 923.0850000000006
3230.0 923.0850000000006
3235.0 923.0850000000006
3240.0 923.0850000000006
3245.0 923.0850000000006
3250.0 923.0850000000006
3255.0 923.0850000000006
3260.0 923.0850000000006
3265.0 923.0850000000006
3270.0 923.0850000000006
3275.0 923.0850000000006
3280.0 923.0850000000006
3285.0 923.0850000000006
3290.0 923.0850000000006
3295.0 923.0850000000006
3300.0 923.0850000000006
3305.0 923.0850000000006
3310.0 923.0850000000006
3315.0 923.0850000000006
3320.0 923.0850000000006
3325.0 923.0850000000006
3330.0 923.0850000000006
3335.0 923.0850000000006
3340.0 923.0850000000006
3345.0 923.0850000000006
3350.0 923.0850000000006
3355.0 923.0850000000006
3360.0 923.0850000000006
3365.0 923.0850000000006
3370.0 923.0850000000006
3375.0 923.0850000000006
3380.0 923.0850000000006
3385.0 923.0850000000006
3390.0 923.0850000000006
3395.0 923.0850000000006
3400.0 923.0850000000006
3405.0 923.0850000000006
3410.0 923.0850000000006
3415.0 923.0850000000006
3420.0 923.0850000000006
3425.0 923.0850000000006
3430.0 923.0850000000006
3435.0 923.0850000000006
3440.0 923.0850000000006
3445.0 923.0850000000006
3450.0 923.0850000000006
3455.0 923.0850000000006
3460.0 923.0850000000006
3465.0 923.0850000000006
3470.0 923.0850000000006
3475.0 923.0850000000006
3480.0 923.0850000000006
3485.0 923.0850000000006
3490.0 923.0850000000006
3495.0 923.0850000000006
3500.0 923.0850000000006
3505.0 923.0850000000006
3510.0 923.0850000000006
3515.0 923.0850000000006
3520.0 923.0850000000006
3525.0 923.0850000000006
3530.0 923.0850000000006
3535.0 923.0850000000006
3540.0 923.0850000000006
3545.0 923.0850000000006
3550.0 923.0850000000006
3555.0 923.0850000000006
3560.0 923.0850000000006
3565.0 923.0850000000006
3570.0 923.0850000000006
3575.0 923.0850000000006
3580.0 923.0850000000006
3585.0 923.0850000000006
3590.0 923.0850000000006
3595.0 923.0850000000006
3600.0 923.0850000000006
3605.0 923.0850000000006
3610.0 923.0850000000006
3615.0 923.0850000000006
3620.0 923.0850000000006
3625.0 923.0850000000006
3630.0 923.0850000000006
3635.0 923.0850000000006
3640.0 923.0850000000006
3645.0 923.0850000000006
3650.0 923.0850000000006
3655.0 923.0850000000006
3660.0 923.0850000000006
3665.0 923.0850000000006
3670.0 923.0850000000006
3675.0 923.0850000000006
3680.0 923.0850000000006
3685.0 923.0850000000006
3690.0 923.0850000000006
3695.0 923.0850000000006
3700.0 923.0850000000006
3705.0 923.0850000000006
3710.0 923.0850000000006
3715.0 923.0850000000006
3720.0 923.0850000000006
3725.0 923.0850000000006
3730.0 923.0850000000006
3735.0 923.0850000000006
3740.0 923.0850000000006
3745.0 923.0850000000006
3750.0 923.0850000000006
3755.0 923.0850000000006
3760.0 923.0850000000006
3765.0 923.0850000000006
3770.0 923.0850000000006
3775.0 923.0850000000006
3780.0 923.0850000000006
3785.0 923.0850000000006
3790.0 923.0850000000006
3795.0 923.0850000000006
3800.0 923.0850000000006
3805.0 923.0850000000006
3810.0 923.0850000000006
3815.0 923.0850000000006
3820.0 923.0850000000006
3825.0 923.0850000000006
3830.0 923.0850000000006
3835.0 923.0850000000006
3840.0 923.0850000000006
3845.0 923.0850000000006
3850.0 923.0850000000006
3855.0 923.0850000000006
3860.0 923.0850000000006
3865.0 923.0850000000006
3870.0 923.0850000000006
3875.0 923.0850000000006
3880.0 923.0850000000006
3885.0 923.0850000000006
3890.0 923.0850000000006
3895.0 923.0850000000006
3900.0 923.0850000000006
3905.0 923.0850000000006
3910.0 923.0850000000006
3915.0 923.0850000000006
3920.0 923.0850000000006
3925.0 923.0850000000006
3930.0 923.0850000000006
3935.0 923.0850000000006
3940.0 923.0850000000006
3945.0 923.0850000000006
3950.0 923.0850000000006
3955.0 923.0850000000006
3960.0 923.0850000000006
3965.0 923.0850000000006
3970.0 923.0850000000006
3975.0 923.0850000000006
3980.0 923.0850000000006
3985.0 923.0850000000006
3990.0 923.0850000000006
3995.0 923.0850000000006
4001 923.0850000000006
